46,0,135
46,1,145 48,2,29
25,3,244 45,4,243 46,5,133
32,6,210 33,7,290 38,8,119
21,9,183 29,10,95 33,11,182 47,12,181
38,13,114 43,14,46 44,15,86 46,16,139
24,17,284 41,18,254 45,19,264 48,20,25
35,21,156 45,22,265 47,23,201 48,24,27
11,25,230 28,26,247 32,27,206 40,28,64 45,29,246
18,30,161 25,31,285 26,32,267 47,33,196 48,34,21
12,35,212 24,36,213 39,37,164 40,38,61 42,39,211 47,40,185
8,25,230 18,41,159 32,42,203 38,43,109 40,44,62 44,45,80
10,35,212 31,46,245 39,47,167 46,48,134 47,49,189 48,50,15
31,51,270 37,52,276 41,53,250 43,54,48 44,55,88 45,56,259
19,57,180 38,58,118 42,59,222 45,60,263 47,61,199 48,62,24
25,63,286 26,64,269 31,65,273 35,66,157 42,67,224 43,68,52
28,69,283 34,70,239 37,71,275 42,72,219 43,73,47 45,74,257 47,75,194
26,76,123 30,77,124 34,78,121 41,79,122 43,80,33 44,81,72 46,82,120 48,83,4
9,30,161 11,41,159 23,84,158 30,85,162 40,86,56 41,87,160 44,88,74 46,89,126
14,57,180 31,90,179 38,91,105 40,92,58 41,93,178 42,94,177 43,95,36 48,96,8
31,97,272 32,98,209 37,99,279 38,100,116 39,101,173 43,102,50 44,103,91 45,104,260
4,9,183 23,105,229 35,106,155 38,107,117 41,108,253 43,109,51 45,110,262 46,111,144
26,112,268 34,113,242 36,114,235 39,115,176 40,116,70 42,117,223 45,118,266 48,119,28
18,84,158 21,105,229 31,120,228 36,121,225 38,122,108 41,123,226 44,124,79 45,125,227 48,126,12
6,17,284 10,36,213 32,127,208 35,128,154 40,129,68 45,130,258 46,131,140 47,132,195 48,133,20
2,3,244 9,31,285 15,63,286 31,134,271 36,135,233 37,136,277 43,137,49 44,138,89 46,139,141
9,32,267 15,64,269 17,76,123 22,112,268 34,140,238 35,141,151 38,142,112 39,143,169 43,144,44 48,145,18
28,146,282 29,147,102 36,148,232 37,149,274 38,150,115 39,151,171 41,152,249 42,153,218 44,154,87 45,155,256 48,156,19
8,26,247 16,69,283 27,146,282 29,157,103 30,158,288 33,159,289 34,160,241 37,161,281 39,162,175 47,163,200 48,164,26
4,10,95 27,147,102 28,157,103 35,165,93 36,166,98 37,167,101 39,168,94 41,169,99 42,170,97 44,171,71 45,172,100 47,173,96
17,77,124 18,85,162 28,158,288 33,174,287 34,175,240 37,176,278 39,177,172 41,178,251 42,179,220 44,180,90 46,181,142 47,182,197 48,183,22
12,46,245 13,51,270 15,65,273 19,90,179 20,97,272 23,120,228 25,134,271 35,184,152 40,185,67 42,186,216 43,187,45 44,188,84 45,189,255 47,190,192
3,6,210 8,27,206 11,42,203 20,98,209 24,127,208 34,191,205 36,192,204 40,193,60 41,194,207 42,195,202 43,196,38 44,197,77 46,198,129 47,199,184 48,200,10
3,7,290 4,11,182 28,159,289 30,174,287 36,201,234 37,202,280 39,203,174 40,204,69 41,205,252 42,206,221 44,207,92 45,208,261 46,209,143 47,210,198 48,211,23
16,70,239 17,78,121 22,113,242 26,140,238 28,160,241 30,175,240 32,191,205 36,212,231 38,213,111 41,214,236 43,215,41 44,216,81 45,217,237 46,218,132 47,219,188 48,220,14
7,21,156 15,66,157 21,106,155 24,128,154 26,141,151 29,165,93 31,184,152 36,221,148 37,222,153 40,223,55 41,224,149 42,225,147 43,226,35 45,227,150 46,228,125 47,229,146 48,230,6
22,114,235 23,121,225 25,135,233 27,148,232 29,166,98 32,192,204 33,201,234 34,212,231 35,221,148 38,231,110 39,232,166 40,233,63 42,234,214 43,235,40 46,236,131 47,237,187 48,238,13
13,52,276 16,71,275 20,99,279 25,136,277 27,149,274 28,161,281 29,167,101 30,176,278 33,202,280 35,222,153 38,239,113 39,240,170 41,241,248 42,242,217 44,243,85 46,244,138 47,245,193
3,8,119 5,13,114 11,43,109 14,58,118 19,91,105 20,100,116 21,107,117 23,122,108 26,142,112 27,150,115 34,213,111 36,231,110 37,239,113 42,246,107 43,247,32 46,248,104 47,249,106 48,250,3
10,37,164 12,47,167 20,101,173 22,115,176 26,143,169 27,151,171 28,162,175 29,168,94 30,177,172 33,203,174 36,232,166 37,240,170 40,251,57 42,252,165 44,253,75 45,254,168 46,255,127 47,256,163 48,257,7
8,28,64 10,38,61 11,44,62 18,86,56 19,92,58 22,116,70 24,129,68 31,185,67 32,193,60 33,204,69 35,223,55 36,233,63 39,251,57 41,258,65 43,259,30 44,260,53 45,261,66 46,262,54 47,263,59 48,264,1
6,18,254 13,53,250 17,79,122 18,87,160 19,93,178 21,108,253 23,123,226 27,152,249 29,169,99 30,178,251 32,194,207 33,205,252 34,214,236 35,224,149 37,241,248 40,258,65 43,265,42 44,266,82 46,267,136 47,268,190 48,269,16
10,39,211 14,59,222 15,67,224 16,72,219 19,94,177 22,117,223 27,153,218 29,170,97 30,179,220 31,186,216 32,195,202 33,206,221 35,225,147 36,234,214 37,242,217 38,246,107 39,252,165 43,270,39 44,271,78 45,272,215 46,273,130 47,274,186 48,275,11
5,14,46 13,54,48 15,68,52 16,73,47 17,80,33 19,95,36 20,102,50 21,109,51 25,137,49 26,144,44 31,187,45 32,196,38 34,215,41 35,226,35 36,235,40 38,247,32 40,259,30 41,265,42 42,270,39 44,276,31 45,277,43 46,278,34 47,279,37 48,280,0
5,15,86 11,45,80 13,55,88 17,81,72 18,88,74 20,103,91 23,124,79 25,138,89 27,154,87 29,171,71 30,180,90 31,188,84 32,197,77 33,207,92 34,216,81 37,243,85 39,253,75 40,260,53 41,266,82 42,271,78 43,276,31 45,281,83 46,282,73 47,283,76 48,284,2
2,4,243 6,19,264 7,22,265 8,29,246 13,56,259 14,60,263 16,74,257 20,104,260 21,110,262 22,118,266 23,125,227 24,130,258 27,155,256 29,172,100 31,189,255 33,208,261 34,217,237 35,227,150 39,254,168 40,261,66 42,272,215 43,277,43 44,281,83 46,285,137 47,286,191 48,287,17
0,0,135 1,1,145 2,5,133 5,16,139 12,48,134 17,82,120 18,89,126 21,111,144 24,131,140 25,139,141 30,181,142 32,198,129 33,209,143 34,218,132 35,228,125 36,236,131 37,244,138 38,248,104 39,255,127 40,262,54 41,267,136 42,273,130 43,278,34 44,282,73 45,285,137 47,288,128 48,289,5
4,12,181 7,23,201 9,33,196 10,40,185 12,49,189 14,61,199 16,75,194 24,132,195 28,163,200 29,173,96 30,182,197 31,190,192 32,199,184 33,210,198 34,219,188 35,229,146 36,237,187 37,245,193 38,249,106 39,256,163 40,263,59 41,268,190 42,274,186 43,279,37 44,283,76 45,286,191 46,288,128 48,290,9
1,2,29 6,20,25 7,24,27 9,34,21 12,50,15 14,62,24 17,83,4 19,96,8 22,119,28 23,126,12 24,133,20 26,145,18 27,156,19 28,164,26 30,183,22 32,200,10 33,211,23 34,220,14 35,230,6 36,238,13 38,250,3 39,257,7 40,264,1 41,269,16 42,275,11 43,280,0 44,284,2 45,287,17 46,289,5 47,290,9
