0 1 73
0 2 18
0 3 41
0 5 96
0 6 67
0 7 63
0 8 3
0 10 29
0 11 43
0 13 23
0 14 11
0 16 16
0 17 3
0 19 4
0 20 89
0 22 69
0 25 6
0 26 27
0 27 48
0 31 100
0 33 49
0 35 29
0 37 57
0 39 44
0 41 43
0 42 3
0 43 4
0 45 95
0 46 11
0 49 85
1 2 30
1 3 10
1 5 24
1 6 25
1 7 67
1 8 61
1 11 92
1 13 51
1 14 88
1 16 98
1 19 15
1 20 33
1 25 50
1 26 28
1 27 65
1 28 89
1 30 66
1 32 22
1 34 20
1 36 75
1 38 56
1 40 99
1 47 37
2 3 51
2 7 28
2 8 39
2 9 53
2 10 38
2 11 52
2 13 96
2 14 2
2 15 62
2 18 17
2 19 64
2 23 6
2 25 18
2 26 19
2 28 50
2 33 11
2 39 76
2 46 75
3 4 100
3 6 84
3 7 31
3 9 4
3 10 71
3 13 80
3 14 26
3 16 45
3 17 1
3 18 54
3 20 47
3 25 1
3 26 40
3 28 4
3 29 28
3 30 33
3 31 64
3 34 13
3 36 40
3 37 33
3 38 6
3 39 23
4 8 23
4 10 21
4 12 48
4 13 6
4 16 97
4 19 26
4 25 87
4 26 57
4 29 71
4 31 37
4 43 49
5 7 21
5 11 31
5 13 43
5 16 37
5 17 25
5 18 45
5 19 90
5 20 53
5 27 74
5 29 61
5 30 44
5 31 40
5 38 11
5 40 21
5 41 20
5 44 23
6 7 55
6 20 56
6 25 29
6 27 77
6 37 95
7 8 37
7 9 55
7 10 33
7 13 9
7 14 34
7 16 21
7 19 92
7 20 46
7 21 12
7 22 19
7 24 10
7 25 61
7 26 49
7 29 82
7 30 94
7 33 29
7 36 19
7 37 29
7 39 94
7 40 23
7 49 64
8 13 5
8 16 91
8 19 59
8 25 69
8 26 48
8 27 51
8 28 85
8 29 84
8 33 75
8 40 39
8 45 11
8 47 81
9 17 36
9 18 26
9 25 30
9 35 4
9 37 84
10 13 99
10 15 71
10 16 48
10 19 78
10 22 54
10 26 13
10 27 25
10 29 26
10 31 85
10 37 34
10 38 24
10 39 50
10 43 7
10 46 21
11 16 41
11 25 8
11 28 64
11 41 46
12 13 26
12 39 37
12 40 78
13 14 55
13 15 62
13 16 34
13 19 34
13 20 4
13 22 67
13 25 14
13 26 50
13 28 52
13 29 38
13 32 38
13 33 93
13 35 62
13 37 91
13 39 97
13 41 32
13 43 62
13 45 41
14 16 3
14 18 11
14 19 86
14 20 58
14 23 92
14 25 80
14 33 79
14 38 10
14 44 69
15 16 77
15 22 15
15 33 48
16 19 77
16 26 18
16 28 86
16 29 77
16 31 88
16 32 83
16 37 54
16 39 9
16 41 95
16 46 51
16 47 17
17 19 18
17 25 46
17 26 69
17 28 78
17 40 70
18 23 68
19 20 49
19 31 44
19 36 18
19 39 62
19 46 9
20 25 53
20 26 66
20 27 15
20 32 69
20 37 21
20 43 20
20 46 57
21 26 56
21 36 47
22 28 15
23 26 72
23 43 85
25 29 29
25 31 49
25 34 25
25 37 19
25 39 75
25 40 18
25 42 48
26 28 94
26 31 48
26 32 49
26 33 76
26 34 86
26 38 62
26 39 5
26 40 97
26 41 23
26 42 8
26 45 69
26 46 70
27 35 4
27 46 43
27 47 49
28 34 6
28 36 42
28 38 20
28 47 70
29 31 58
29 32 86
29 34 32
29 36 52
29 37 99
29 38 12
29 39 100
29 43 1
31 43 8
32 43 20
33 42 22
35 36 93
36 47 48
37 39 86
37 43 21
39 43 29
39 44 50
