73
18
41
96
67
63
3
29
43
23
11
16
3
4
89
69
6
27
48
100
49
29
57
44
43
3
4
95
11
85
30
10
24
25
67
61
92
51
88
98
15
33
50
28
65
89
66
22
20
75
56
99
37
51
28
39
53
38
52
96
2
62
17
64
6
18
19
50
11
76
75
100
84
31
4
71
80
26
45
1
54
47
1
40
4
28
33
64
13
40
33
6
23
23
21
48
6
97
26
87
57
71
37
49
21
31
43
37
25
45
90
53
74
61
44
40
11
21
20
23
55
56
29
77
95
37
55
33
9
34
21
92
46
12
19
10
61
49
82
94
29
19
29
94
23
64
5
91
59
69
48
51
85
84
75
39
11
81
36
26
30
4
84
99
71
48
78
54
13
25
26
85
34
24
50
7
21
41
8
64
46
26
37
78
55
62
34
34
4
67
14
50
52
38
38
93
62
91
97
32
62
41
3
11
86
58
92
80
79
10
69
77
15
48
77
18
86
77
88
83
54
9
95
51
17
18
46
69
78
70
68
49
44
18
62
9
53
66
15
69
21
20
57
56
47
15
72
85
29
49
25
19
75
18
48
94
48
49
76
86
62
5
97
23
8
69
70
4
43
49
6
42
20
70
58
86
32
52
99
12
100
1
8
20
22
93
48
86
21
29
50
