84,0,855
97,1,225
47,2,875 99,3,345
78,4,961 93,5,517
14,6,1165 95,7,1011
46,8,837 87,9,795 97,10,231
35,11,903 71,12,904 73,13,905 92,14,717
40,15,1111 72,16,814 94,17,120 95,18,1008
64,19,685 77,20,746 90,21,147 94,22,95 98,23,35
15,24,975 93,25,494 94,26,98 97,27,200 98,28,37
70,29,1073 81,30,409 85,31,1086 90,32,170 91,33,563
74,34,602 77,35,762 78,36,965 80,37,264 91,38,562 98,39,67
30,40,678 49,41,679 64,42,677 89,43,680 91,44,530 97,45,184 98,46,18
73,47,1112 86,48,451 89,49,1113 93,50,505 94,51,108 98,52,48 99,53,355
4,6,1165 26,54,973 57,55,1164 71,56,1095 87,57,790 91,58,559 99,59,371
9,24,975 24,60,1151 39,61,1088 68,62,946 85,63,1082 89,64,1150 93,65,513 96,66,1028
24,67,1168 63,68,1160 70,69,1072 73,70,1137 88,71,925 90,72,169 95,73,1009 98,74,66
44,75,312 48,76,1062 72,77,815 75,78,656 88,79,926 93,80,523 96,81,1037 97,82,229
29,83,706 56,84,1041 65,85,867 79,86,292 83,87,1116 92,88,735 94,89,114 95,90,999 99,91,363
30,92,936 61,93,1132 66,94,1126 80,95,263 88,96,923 90,97,164 94,98,118 96,99,1031 99,100,372
56,101,477 58,102,479 61,103,478 86,104,427 91,105,473 92,106,474 95,107,475 96,108,476 98,109,11 99,110,317
22,111,985 24,112,987 27,113,984 53,114,986 74,115,584 80,116,250 86,117,443 90,118,149 92,119,725 98,120,39
21,111,985 30,121,933 73,122,1133 74,123,595 80,124,258 90,125,158 93,126,512 95,127,1000 98,128,56 99,129,364
34,130,902 49,131,1102 68,132,949 69,133,624 79,134,296 82,135,1055 87,136,793 94,137,121 96,138,1036 97,139,228
15,60,1151 16,67,1168 21,112,987 59,140,1167 82,141,1056 87,142,794 93,143,524 95,144,1010 97,145,230 99,146,377
65,147,696 66,148,700 71,149,699 72,150,694 80,151,241 84,152,695 87,153,693 90,154,137 95,155,697 96,156,698 99,157,327
14,54,973 59,158,974 61,159,971 70,160,969 71,161,970 82,162,968 89,163,972 94,164,97 95,165,966 96,166,967 99,167,343
21,113,984 52,168,1147 67,169,1144 68,170,945 82,171,1047 87,172,783 92,173,734 95,174,998 96,175,1026 97,176,216 99,177,362
51,178,1163 69,179,623 79,180,295 82,181,1052 87,182,791 88,183,924 89,184,1157 93,185,520 94,186,119 96,187,1034 99,188,374
18,83,706 35,189,703 57,190,708 58,191,709 62,192,707 75,193,634 77,194,701 78,195,704 81,196,385 88,197,702 95,198,705 99,199,328
12,40,678 19,92,936 22,121,933 52,200,935 58,201,937 62,202,934 72,203,801 86,204,442 87,205,768 92,206,720 94,207,93 98,208,34
38,209,466 47,210,873 68,211,890 72,212,799 76,213,663 83,214,892 85,215,891 87,216,765 89,217,893 94,218,91 97,219,195 98,220,30 99,221,338
41,222,979 51,223,981 53,224,982 58,225,983 61,226,978 89,227,980 91,228,540 92,229,724 95,230,976 96,231,977 97,232,201 98,233,38 99,234,344
56,235,630 57,236,632 64,237,626 73,238,631 76,239,625 79,240,271 86,241,432 87,242,628 88,243,629 92,244,627 93,245,482 94,246,80 97,247,181 99,248,323
23,130,902 36,249,901 45,250,572 49,251,897 57,252,899 58,253,900 60,254,894 69,255,608 78,256,895 80,257,245 89,258,898 95,259,896 98,260,31 99,261,339
6,11,903 29,189,703 46,262,830 50,263,953 64,264,684 67,265,952 69,266,612 80,267,248 81,268,395 83,269,951 84,270,843 91,271,538 92,272,722 96,273,950
34,249,901 41,274,1143 70,275,1071 71,276,1098 75,277,655 78,278,964 82,279,1054 83,280,1123 87,281,792 89,282,1158 90,283,168 93,284,522 97,285,227 99,286,376
40,287,1105 49,288,1100 50,289,1139 63,290,1138 69,291,620 74,292,593 77,293,758 79,294,290 84,295,854 86,296,454 93,297,510 94,298,111 96,299,1023 97,300,215 98,301,53 99,302,359
31,209,466 63,303,472 71,304,470 73,305,471 74,306,462 77,307,463 79,308,267 82,309,468 84,310,465 85,311,469 87,312,464 88,313,467 90,314,129 94,315,75 97,316,176 98,317,10 99,318,316
15,61,1088 57,319,1089 70,320,1064 72,321,805 73,322,1087 76,323,672 79,324,286 80,325,256 82,326,1043 84,327,849 85,328,1074 86,329,450 91,330,546 92,331,731 93,332,501 97,333,209 99,334,352
7,15,1111 37,287,1105 42,335,1108 48,336,1057 50,337,1107 51,338,1109 52,339,1110 54,340,420 61,341,1104 62,342,1106 71,343,1090 83,344,1103 87,345,777 93,346,504 94,347,107 96,348,1019 99,349,354
32,222,979 36,274,1143 43,350,823 57,351,1142 63,352,1141 65,353,865 68,354,944 69,355,621 76,356,674 86,357,455 88,358,917 89,359,1140 90,360,157 94,361,112 96,362,1024 98,363,54 99,364,360
40,335,1108 44,365,309 54,366,423 70,367,1068 71,368,1093 74,369,598 75,370,653 76,371,676 83,372,1119 85,373,1084 86,374,458 87,375,786 89,376,1154 91,377,555 92,378,740 97,379,221 98,380,61
41,350,823 51,381,825 52,382,826 53,383,827 56,384,820 68,385,816 72,386,796 78,387,817 81,388,389 82,389,821 85,390,822 86,391,437 89,392,824 95,393,818 96,394,819 97,395,189 98,396,24 99,397,333
17,75,312 42,365,309 45,398,299 47,399,302 48,400,304 51,401,310 58,402,311 61,403,306 63,404,308 67,405,307 72,406,300 79,407,265 80,408,233 83,409,305 84,410,301 86,411,297 91,412,298 96,413,303 98,414,5
34,250,572 44,398,299 46,415,570 47,416,571 48,417,573 57,418,576 66,419,575 69,420,564 72,421,569 75,422,565 77,423,567 85,424,574 86,425,430 87,426,568 90,427,132 91,428,525 92,429,566 93,430,481 99,431,320
5,8,837 35,262,830 45,415,570 56,432,833 68,433,829 75,434,638 78,435,831 82,436,834 85,437,835 86,438,438 88,439,828 89,440,836 90,441,141 92,442,713 94,443,86 96,444,832 97,445,190 98,446,25 99,447,334
2,2,875 31,210,873 44,399,302 45,416,571 59,448,879 70,449,877 72,450,798 74,451,580 75,452,641 78,453,874 84,454,839 89,455,878 91,456,534 92,457,715 93,458,490 94,459,89 96,460,876 97,461,193 98,462,28 99,463,336
17,76,1062 40,336,1057 44,400,304 45,417,573 52,464,1060 54,465,417 59,466,1061 60,467,930 68,468,941 75,469,647 81,470,398 83,471,1058 86,472,448 88,473,913 89,474,1059 93,475,499 94,476,102 96,477,1014 97,478,206 98,479,44
12,41,679 23,131,1102 34,251,897 37,288,1100 54,480,419 69,481,617 72,482,806 73,483,1099 77,484,754 81,485,400 84,486,850 85,487,1075 89,488,1101 91,489,547 93,490,503 94,491,106 96,492,1018 97,493,210 98,494,47 99,495,353
35,263,953 37,289,1139 40,337,1107 52,496,1161 54,497,422 55,498,889 59,499,1162 69,500,622 70,501,1067 73,502,1134 78,503,960 80,504,261 81,505,407 82,506,1050 88,507,921 89,508,1153 92,509,739 97,510,220 98,511,60 99,512,368
28,178,1163 32,223,981 40,338,1109 43,381,825 44,401,310 54,513,424 61,514,1131 67,515,1145 73,516,1135 74,517,599 86,518,459 87,519,787 89,520,1155 90,521,162 91,522,556 93,523,516 95,524,1004 97,525,222 98,526,62 99,527,369
27,168,1147 30,200,935 40,339,1110 43,382,826 48,464,1060 50,496,1161 60,528,931 70,529,1069 72,530,812 77,531,761 82,532,1051 83,533,1120 84,534,857 87,535,788 90,536,163 91,537,557 92,538,741 94,539,117 96,540,1030 97,541,223
21,114,986 32,224,982 43,383,827 54,542,425 65,543,870 70,544,1070 71,545,1094 78,546,962 80,547,262 84,548,858 86,549,460 87,550,789 88,551,922 89,552,1156 91,553,558 92,554,742 93,555,518 95,556,1005 98,557,63 99,558,370
40,340,420 42,366,423 48,465,417 49,480,419 50,497,422 51,513,424 53,542,425 58,559,426 62,560,421 68,561,414 71,562,418 76,563,411 78,564,415 84,565,412 86,566,410 88,567,413 90,568,127 94,569,73 95,570,416 98,571,8 99,572,314
50,498,889 56,573,883 60,574,880 67,575,888 71,576,885 73,577,887 76,578,662 79,579,279 81,580,391 82,581,884 83,582,886 84,583,840 90,584,144 91,585,535 92,586,716 94,587,90 95,588,881 96,589,882 97,590,194 98,591,29 99,592,337
18,84,1041 20,101,477 33,235,630 43,384,820 46,432,833 55,573,883 61,593,1040 65,594,863 66,595,1039 83,596,1038 86,597,446 87,598,773 88,599,911 92,600,728 93,601,497 94,602,101 95,603,989 96,604,1012 97,605,204 98,606,42 99,607,348
14,55,1164 29,190,708 33,236,632 34,252,899 39,319,1089 41,351,1142 45,418,576 60,608,932 62,609,1149 66,610,1127 72,611,813 73,612,1136 74,613,600 81,614,408 86,615,461 90,616,165 91,617,560 93,618,519 96,619,1032 97,620,224 98,621,64
20,102,479 29,191,709 30,201,937 32,225,983 34,253,900 44,402,311 54,559,426 59,622,1166 65,623,871 67,624,1146 71,625,1096 78,626,963 83,627,1121 85,628,1085 90,629,166 92,630,743 95,631,1006 96,632,1033 97,633,226 98,634,65 99,635,373
24,140,1167 26,158,974 47,448,879 48,466,1061 50,499,1162 58,622,1166 63,636,1159 64,637,692 65,638,872 68,639,948 71,640,1097 74,641,601 75,642,654 82,643,1053 83,644,1122 90,645,167 91,646,561 93,647,521 95,648,1007 96,649,1035 99,650,375
34,254,894 48,467,930 52,528,931 55,574,880 57,608,932 65,651,860 68,652,927 69,653,610 74,654,582 76,655,665 78,656,928 80,657,247 81,658,393 84,659,842 86,660,441 87,661,767 88,662,906 92,663,719 96,664,929 97,665,197 98,666,33 99,667,341
19,93,1132 20,103,478 26,159,971 32,226,978 40,341,1104 44,403,306 51,514,1131 56,593,1040 62,668,1129 63,669,1130 67,670,1128 72,671,809 75,672,651 77,673,756 84,674,852 85,675,1078 87,676,780 91,677,549 93,678,508 95,679,995 97,680,213 98,681,51
29,192,707 30,202,934 40,342,1106 54,560,421 57,609,1149 61,668,1129 65,682,868 66,683,1124 74,684,596 79,685,293 82,686,1048 85,687,1081 86,688,456 87,689,784 89,690,1148 90,691,159 91,692,552 92,693,736 95,694,1001 96,695,1027 97,696,217 98,697,57 99,698,365
16,68,1160 37,290,1138 38,303,472 41,352,1141 44,404,308 59,636,1159 61,669,1130 77,699,760 78,700,959 80,701,260 81,702,406 83,703,1118 88,704,920 89,705,1152 90,706,161 91,707,554 92,708,738 93,709,515 94,710,116 95,711,1003 97,712,219 98,713,59 99,714,367
8,19,685 12,42,677 33,237,626 35,264,684 59,637,692 67,715,690 70,716,687 71,717,688 72,718,682 73,719,689 74,720,578 76,721,657 79,722,274 80,723,240 81,724,384 84,725,683 86,726,434 89,727,691 90,728,136 92,729,681 93,730,484 95,731,686 98,732,19 99,733,326
18,85,867 25,147,696 41,353,865 53,543,870 56,594,863 58,623,871 59,638,872 60,651,860 62,682,868 67,734,866 72,735,797 75,736,640 76,737,661 84,738,838 85,739,864 87,740,764 88,741,859 89,742,869 90,743,143 94,744,88 95,745,861 96,746,862 97,747,192 98,748,27
19,94,1126 25,148,700 45,419,575 56,595,1039 57,610,1127 62,683,1124 71,749,1091 72,750,808 74,751,591 75,752,650 79,753,289 81,754,402 82,755,1045 85,756,1077 87,757,779 89,758,1125 90,759,155 93,760,507 94,761,110 95,762,994 96,763,1021 97,764,212 98,765,50 99,766,357
27,169,1144 35,265,952 44,405,307 51,515,1145 55,575,888 58,624,1146 61,670,1128 64,715,690 65,734,866 72,767,810 74,768,594 79,769,291 81,770,404 83,771,1115 85,772,1080 87,773,782 88,774,918 91,775,551 92,776,733 93,777,511 94,778,113 95,779,997 96,780,1025 98,781,55 99,782,361
15,62,946 23,132,949 27,170,945 31,211,890 41,354,944 43,385,816 46,433,829 48,468,941 54,561,414 59,639,948 60,652,927 69,783,611 70,784,942 76,785,666 81,786,394 82,787,940 85,788,943 87,789,769 88,790,907 89,791,947 90,792,146 91,793,537 92,794,721 93,795,492 94,796,94 95,797,938 96,798,939 97,799,198
23,133,624 28,179,623 34,255,608 35,266,612 37,291,620 41,355,621 45,420,564 49,481,617 50,500,622 60,653,610 68,783,611 71,800,616 73,801,619 75,802,603 76,803,604 77,804,606 81,805,381 83,806,618 84,807,607 85,808,615 88,809,609 90,810,133 91,811,527 92,812,605 94,813,79 95,814,613 96,815,614 97,816,180 98,817,15 99,818,322
10,29,1073 16,69,1072 26,160,969 36,275,1071 39,320,1064 42,367,1068 47,449,877 50,501,1067 52,529,1069 53,544,1070 64,716,687 68,784,942 71,819,1065 74,820,587 77,821,751 79,822,284 80,823,254 83,824,1066 84,825,847 85,826,1063 86,827,449 87,828,774 88,829,914 91,830,544 93,831,500 94,832,103 95,833,990 96,834,1015 97,835,207 98,836,45 99,837,350
6,12,904 14,56,1095 25,149,699 26,161,970 36,276,1098 38,304,470 40,343,1090 42,368,1093 53,545,1094 54,562,418 55,576,885 58,625,1096 59,640,1097 64,717,688 66,749,1091 69,800,616 70,819,1065 73,838,1092 74,839,589 76,840,673 77,841,753 79,842,287 81,843,399 87,844,776 88,845,915 90,846,154 92,847,732 93,848,502 94,849,105 95,850,992 96,851,1017
7,16,814 17,77,815 25,150,694 30,203,801 31,212,799 39,321,805 43,386,796 44,406,300 45,421,569 47,450,798 49,482,806 52,530,812 57,611,813 61,671,809 64,718,682 65,735,797 66,750,808 67,767,810 76,852,660 79,853,277 81,854,388 83,855,807 85,856,804 86,857,436 88,858,800 89,859,811 91,860,533 92,861,712 93,862,488 95,863,802 96,864,803 97,865,188 98,866,23 99,867,332
6,13,905 13,47,1112 16,70,1137 22,122,1133 33,238,631 38,305,471 39,322,1087 49,483,1099 50,502,1134 51,516,1135 55,577,887 57,612,1136 64,719,689 69,801,619 71,838,1092 74,868,592 75,869,652 77,870,757 80,871,257 81,872,403 82,873,1046 83,874,1114 84,875,853 85,876,1079 86,877,453 87,878,781 90,879,156 91,880,550 93,881,509 95,882,996 96,883,1022 97,884,214 98,885,52 99,886,358
11,34,602 21,115,584 22,123,595 37,292,593 38,306,462 42,369,598 47,451,580 51,517,599 57,613,600 59,641,601 60,654,582 62,684,596 64,720,578 66,751,591 67,768,594 70,820,587 71,839,589 73,868,592 75,887,577 78,888,583 79,889,270 80,890,238 82,891,586 83,892,590 85,893,588 86,894,431 88,895,581 89,896,597 91,897,526 92,898,579 94,899,78 95,900,585 97,901,179 98,902,14 99,903,321
17,78,656 29,193,634 36,277,655 42,370,653 45,422,565 46,434,638 47,452,641 48,469,647 59,642,654 61,672,651 65,736,640 66,752,650 69,802,603 73,869,652 74,887,577 76,904,633 77,905,636 78,906,643 79,907,272 81,908,382 82,909,646 83,910,649 84,911,639 85,912,648 87,913,637 88,914,642 90,915,134 91,916,528 92,917,635 94,918,81 95,919,644 96,920,645 97,921,182 98,922,16 99,923,324
31,213,663 33,239,625 39,323,672 41,356,674 42,371,676 54,563,411 55,578,662 60,655,665 64,721,657 65,737,661 68,785,666 69,803,604 71,840,673 72,852,660 75,904,633 77,924,659 78,925,667 79,926,273 80,927,239 81,928,383 82,929,670 85,930,671 86,931,433 88,932,664 89,933,675 90,934,135 91,935,529 92,936,658 93,937,483 94,938,82 95,939,668 96,940,669 97,941,183 98,942,17 99,943,325
8,20,746 11,35,762 29,194,701 37,293,758 38,307,463 45,423,567 49,484,754 52,531,761 61,673,756 63,699,760 69,804,606 70,821,751 71,841,753 73,870,757 75,905,636 76,924,659 78,944,747 79,945,276 80,946,243 82,947,750 83,948,755 84,949,744 85,950,752 86,951,435 88,952,745 89,953,759 90,954,139 92,955,710 93,956,486 94,957,84 95,958,748 96,959,749 97,960,186 98,961,21 99,962,330
3,4,961 11,36,965 29,195,704 34,256,895 36,278,964 43,387,817 46,435,831 47,453,874 50,503,960 53,546,962 54,564,415 58,626,963 60,656,928 63,700,959 74,888,583 75,906,643 76,925,667 77,944,747 79,963,281 80,964,249 82,965,955 83,966,957 85,967,956 87,968,770 88,969,908 89,970,958 90,971,148 91,972,539 92,973,723 93,974,493 94,975,96 95,976,954 97,977,199 98,978,36 99,979,342
18,86,292 23,134,296 28,180,295 33,240,271 37,294,290 38,308,267 39,324,286 44,407,265 55,579,279 62,685,293 64,722,274 66,753,289 67,769,291 70,822,284 71,842,287 72,853,277 74,889,270 75,907,272 76,926,273 77,945,276 78,963,281 80,980,232 83,981,288 84,982,278 85,983,285 88,984,280 89,985,294 90,986,124 91,987,269 92,988,275 93,989,268 95,990,282 96,991,283 97,992,172 98,993,4 99,994,266
11,37,264 19,95,263 21,116,250 22,124,258 25,151,241 34,257,245 35,267,248 39,325,256 44,408,233 50,504,261 53,547,262 60,657,247 63,701,260 64,723,240 70,823,254 73,871,257 74,890,238 76,927,239 77,946,243 78,964,249 79,980,232 82,995,253 84,996,244 85,997,255 86,998,235 88,999,246 89,1000,259 90,1001,123 91,1002,237 92,1003,242 93,1004,236 94,1005,70 95,1006,251 96,1007,252 97,1008,171 98,1009,3 99,1010,234
10,30,409 29,196,385 35,268,395 43,388,389 48,470,398 49,485,400 50,505,407 55,580,391 57,614,408 60,658,393 63,702,406 64,724,384 66,754,402 67,770,404 68,786,394 69,805,381 71,843,399 72,854,388 73,872,403 75,908,382 76,928,383 83,1011,401 84,1012,390 86,1013,378 87,1014,387 88,1015,392 89,1016,405 90,1017,126 91,1018,380 92,1019,386 93,1020,379 94,1021,72 95,1022,396 96,1023,397 97,1024,174 98,1025,7 99,1026,313
23,135,1055 24,141,1056 26,162,968 27,171,1047 28,181,1052 36,279,1054 38,309,468 39,326,1043 43,389,821 46,436,834 50,506,1050 52,532,1051 55,581,884 59,643,1053 62,686,1048 66,755,1045 68,787,940 73,873,1046 74,891,586 75,909,646 76,929,670 77,947,750 78,965,955 80,995,253 83,1027,1044 84,1028,846 85,1029,1042 86,1030,447 88,1031,912 89,1032,1049 90,1033,152 91,1034,543 92,1035,729 93,1036,498 96,1037,1013 97,1038,205 98,1039,43 99,1040,349
18,87,1116 31,214,892 35,269,951 36,280,1123 40,344,1103 42,372,1119 44,409,305 48,471,1058 52,533,1120 55,582,886 56,596,1038 58,627,1121 59,644,1122 63,703,1118 67,771,1115 69,806,618 70,824,1066 72,855,807 73,874,1114 74,892,590 75,910,649 77,948,755 78,966,957 79,981,288 81,1011,401 82,1027,1044 84,1041,851 85,1042,1076 86,1043,452 87,1044,778 88,1045,916 89,1046,1117 91,1047,548 93,1048,506 94,1049,109 95,1050,993 96,1051,1020 97,1052,211 98,1053,49 99,1054,356
0,0,855 25,152,695 35,270,843 37,295,854 38,310,465 39,327,849 44,410,301 47,454,839 49,486,850 52,534,857 53,548,858 54,565,412 55,583,840 60,659,842 61,674,852 64,725,683 65,738,838 69,807,607 70,825,847 73,875,853 75,911,639 77,949,744 79,982,278 80,996,244 81,1012,390 82,1028,846 83,1041,851 85,1055,848 86,1056,439 87,1057,763 88,1058,841 89,1059,856 90,1060,142 92,1061,714 93,1062,489 94,1063,87 95,1064,844 96,1065,845 97,1066,191 98,1067,26 99,1068,335
10,31,1086 15,63,1082 31,215,891 38,311,469 39,328,1074 42,373,1084 43,390,822 45,424,574 46,437,835 49,487,1075 58,628,1085 61,675,1078 62,687,1081 65,739,864 66,756,1077 67,772,1080 68,788,943 69,808,615 70,826,1063 72,856,804 73,876,1079 74,893,588 75,912,648 76,930,671 77,950,752 78,967,956 79,983,285 80,997,255 82,1029,1042 83,1042,1076 84,1055,848 87,1069,775 89,1070,1083 90,1071,153 91,1072,545 92,1073,730 94,1074,104 95,1075,991 96,1076,1016 97,1077,208 98,1078,46 99,1079,351
13,48,451 20,104,427 21,117,443 30,204,442 33,241,432 37,296,454 39,329,450 41,357,455 42,374,458 43,391,437 44,411,297 45,425,430 46,438,438 48,472,448 51,518,459 53,549,460 54,566,410 56,597,446 57,615,461 60,660,441 62,688,456 64,726,434 70,827,449 72,857,436 73,877,453 74,894,431 76,931,433 77,951,435 80,998,235 81,1013,378 82,1030,447 83,1043,452 84,1056,439 88,1080,440 89,1081,457 90,1082,128 91,1083,429 93,1084,428 94,1085,74 95,1086,444 96,1087,445 97,1088,175 98,1089,9 99,1090,315
5,9,795 14,57,790 23,136,793 24,142,794 25,153,693 27,172,783 28,182,791 30,205,768 31,216,765 33,242,628 36,281,792 38,312,464 40,345,777 42,375,786 45,426,568 51,519,787 52,535,788 53,550,789 56,598,773 60,661,767 61,676,780 62,689,784 65,740,764 66,757,779 67,773,782 68,789,769 70,828,774 71,844,776 73,878,781 75,913,637 78,968,770 81,1014,387 83,1044,778 84,1057,763 85,1069,775 88,1091,766 89,1092,785 90,1093,140 91,1094,532 92,1095,711 93,1096,487 94,1097,85 95,1098,771 96,1099,772 97,1100,187 98,1101,22 99,1102,331
16,71,925 17,79,926 19,96,923 28,183,924 29,197,702 33,243,629 38,313,467 41,358,917 46,439,828 48,473,913 50,507,921 53,551,922 54,567,413 56,599,911 60,662,906 63,704,920 65,741,859 67,774,918 68,790,907 69,809,609 70,829,914 71,845,915 72,858,800 74,895,581 75,914,642 76,932,664 77,952,745 78,969,908 79,984,280 80,999,246 81,1015,392 82,1031,912 83,1045,916 84,1058,841 86,1080,440 87,1091,766 89,1103,919 90,1104,145 91,1105,536 92,1106,718 93,1107,491 94,1108,92 95,1109,909 96,1110,910 97,1111,196 98,1112,32 99,1113,340
12,43,680 13,49,1113 15,64,1150 26,163,972 28,184,1157 31,217,893 32,227,980 34,258,898 36,282,1158 41,359,1140 42,376,1154 43,392,824 46,440,836 47,455,878 48,474,1059 49,488,1101 50,508,1153 51,520,1155 53,552,1156 62,690,1148 63,705,1152 64,727,691 65,742,869 66,758,1125 68,791,947 72,859,811 74,896,597 76,933,675 77,953,759 78,970,958 79,985,294 80,1000,259 81,1016,405 82,1032,1049 83,1046,1117 84,1059,856 85,1070,1083 86,1081,457 87,1092,785 88,1103,919 90,1114,160 91,1115,553 92,1116,737 93,1117,514 94,1118,115 95,1119,1002 96,1120,1029 97,1121,218 98,1122,58 99,1123,366
8,21,147 10,32,170 16,72,169 19,97,164 21,118,149 22,125,158 25,154,137 36,283,168 38,314,129 41,360,157 45,427,132 46,441,141 51,521,162 52,536,163 54,568,127 55,584,144 57,616,165 58,629,166 59,645,167 62,691,159 63,706,161 64,728,136 65,743,143 66,759,155 68,792,146 69,810,133 71,846,154 73,879,156 75,915,134 76,934,135 77,954,139 78,971,148 79,986,124 80,1001,123 81,1017,126 82,1033,152 84,1060,142 85,1071,153 86,1082,128 87,1093,140 88,1104,145 89,1114,160 91,1124,131 92,1125,138 93,1126,130 94,1127,68 95,1128,150 96,1129,151 97,1130,122 98,1131,1 99,1132,125
10,33,563 11,38,562 12,44,530 14,58,559 20,105,473 32,228,540 35,271,538 39,330,546 42,377,555 44,412,298 45,428,525 47,456,534 49,489,547 51,522,556 52,537,557 53,553,558 55,585,535 57,617,560 59,646,561 61,677,549 62,692,552 63,707,554 67,775,551 68,793,537 69,811,527 70,830,544 72,860,533 73,880,550 74,897,526 75,916,528 76,935,529 78,972,539 79,987,269 80,1002,237 81,1018,380 82,1034,543 83,1047,548 85,1072,545 86,1083,429 87,1094,532 88,1105,536 89,1115,553 90,1124,131 92,1133,531 93,1134,480 94,1135,77 95,1136,541 96,1137,542 97,1138,178 98,1139,13 99,1140,319
6,14,717 18,88,735 20,106,474 21,119,725 27,173,734 30,206,720 32,229,724 33,244,627 35,272,722 39,331,731 42,378,740 45,429,566 46,442,713 47,457,715 50,509,739 52,538,741 53,554,742 55,586,716 56,600,728 58,630,743 60,663,719 62,693,736 63,708,738 64,729,681 67,776,733 68,794,721 69,812,605 71,847,732 72,861,712 74,898,579 75,917,635 76,936,658 77,955,710 78,973,723 79,988,275 80,1003,242 81,1019,386 82,1035,729 84,1061,714 85,1073,730 87,1095,711 88,1106,718 89,1116,737 90,1125,138 91,1133,531 93,1141,485 94,1142,83 95,1143,726 96,1144,727 97,1145,185 98,1146,20 99,1147,329
3,5,517 9,25,494 13,50,505 15,65,513 17,80,523 22,126,512 24,143,524 28,185,520 33,245,482 36,284,522 37,297,510 39,332,501 40,346,504 45,430,481 47,458,490 48,475,499 49,490,503 51,523,516 53,555,518 56,601,497 57,618,519 59,647,521 61,678,508 63,709,515 64,730,484 66,760,507 67,777,511 68,795,492 70,831,500 71,848,502 72,862,488 73,881,509 76,937,483 77,956,486 78,974,493 79,989,268 80,1004,236 81,1020,379 82,1036,498 83,1048,506 84,1062,489 86,1084,428 87,1096,487 88,1107,491 89,1117,514 90,1126,130 91,1134,480 92,1141,485 94,1148,76 95,1149,495 96,1150,496 97,1151,177 98,1152,12 99,1153,318
7,17,120 8,22,95 9,26,98 13,51,108 18,89,114 19,98,118 23,137,121 26,164,97 28,186,119 30,207,93 31,218,91 33,246,80 37,298,111 38,315,75 40,347,107 41,361,112 46,443,86 47,459,89 48,476,102 49,491,106 52,539,117 54,569,73 55,587,90 56,602,101 63,710,116 65,744,88 66,761,110 67,778,113 68,796,94 69,813,79 70,832,103 71,849,105 74,899,78 75,918,81 76,938,82 77,957,84 78,975,96 80,1005,70 81,1021,72 83,1049,109 84,1063,87 85,1074,104 86,1085,74 87,1097,85 88,1108,92 89,1118,115 90,1127,68 91,1135,77 92,1142,83 93,1148,76 95,1154,99 96,1155,100 97,1156,69 98,1157,0 99,1158,71
4,7,1011 7,18,1008 16,73,1009 18,90,999 20,107,475 22,127,1000 24,144,1010 25,155,697 26,165,966 27,174,998 29,198,705 32,230,976 34,259,896 43,393,818 51,524,1004 53,556,1005 54,570,416 55,588,881 56,603,989 58,631,1006 59,648,1007 61,679,995 62,694,1001 63,711,1003 64,731,686 65,745,861 66,762,994 67,779,997 68,797,938 69,814,613 70,833,990 71,850,992 72,863,802 73,882,996 74,900,585 75,919,644 76,939,668 77,958,748 78,976,954 79,990,282 80,1006,251 81,1022,396 83,1050,993 84,1064,844 85,1075,991 86,1086,444 87,1098,771 88,1109,909 89,1119,1002 90,1128,150 91,1136,541 92,1143,726 93,1149,495 94,1154,99 96,1159,988 97,1160,202 98,1161,40 99,1162,346
15,66,1028 17,81,1037 19,99,1031 20,108,476 23,138,1036 25,156,698 26,166,967 27,175,1026 28,187,1034 32,231,977 35,273,950 37,299,1023 40,348,1019 41,362,1024 43,394,819 44,413,303 46,444,832 47,460,876 48,477,1014 49,492,1018 52,540,1030 55,589,882 56,604,1012 57,619,1032 58,632,1033 59,649,1035 60,664,929 62,695,1027 65,746,862 66,763,1021 67,780,1025 68,798,939 69,815,614 70,834,1015 71,851,1017 72,864,803 73,883,1022 75,920,645 76,940,669 77,959,749 79,991,283 80,1007,252 81,1023,397 82,1037,1013 83,1051,1020 84,1065,845 85,1076,1016 86,1087,445 87,1099,772 88,1110,910 89,1120,1029 90,1129,151 91,1137,542 92,1144,727 93,1150,496 94,1155,100 95,1159,988 97,1163,203 98,1164,41 99,1165,347
1,1,225 5,10,231 9,27,200 12,45,184 17,82,229 23,139,228 24,145,230 27,176,216 31,219,195 32,232,201 33,247,181 36,285,227 37,300,215 38,316,176 39,333,209 42,379,221 43,395,189 46,445,190 47,461,193 48,478,206 49,493,210 50,510,220 51,525,222 52,541,223 55,590,194 56,605,204 57,620,224 58,633,226 60,665,197 61,680,213 62,696,217 63,712,219 65,747,192 66,764,212 68,799,198 69,816,180 70,835,207 72,865,188 73,884,214 74,901,179 75,921,182 76,941,183 77,960,186 78,977,199 79,992,172 80,1008,171 81,1024,174 82,1038,205 83,1052,211 84,1066,191 85,1077,208 86,1088,175 87,1100,187 88,1111,196 89,1121,218 90,1130,122 91,1138,178 92,1145,185 93,1151,177 94,1156,69 95,1160,202 96,1163,203 98,1166,2 99,1167,173
8,23,35 9,28,37 11,39,67 12,46,18 13,52,48 16,74,66 20,109,11 21,120,39 22,128,56 30,208,34 31,220,30 32,233,38 34,260,31 37,301,53 38,317,10 41,363,54 42,380,61 43,396,24 44,414,5 46,446,25 47,462,28 48,479,44 49,494,47 50,511,60 51,526,62 53,557,63 54,571,8 55,591,29 56,606,42 57,621,64 58,634,65 60,666,33 61,681,51 62,697,57 63,713,59 64,732,19 65,748,27 66,765,50 67,781,55 69,817,15 70,836,45 72,866,23 73,885,52 74,902,14 75,922,16 76,942,17 77,961,21 78,978,36 79,993,4 80,1009,3 81,1025,7 82,1039,43 83,1053,49 84,1067,26 85,1078,46 86,1089,9 87,1101,22 88,1112,32 89,1122,58 90,1131,1 91,1139,13 92,1146,20 93,1152,12 94,1157,0 95,1161,40 96,1164,41 97,1166,2 99,1168,6
2,3,345 13,53,355 14,59,371 18,91,363 19,100,372 20,110,317 22,129,364 24,146,377 25,157,327 26,167,343 27,177,362 28,188,374 29,199,328 31,221,338 32,234,344 33,248,323 34,261,339 36,286,376 37,302,359 38,318,316 39,334,352 40,349,354 41,364,360 43,397,333 45,431,320 46,447,334 47,463,336 49,495,353 50,512,368 51,527,369 53,558,370 54,572,314 55,592,337 56,607,348 58,635,373 59,650,375 60,667,341 62,698,365 63,714,367 64,733,326 66,766,357 67,782,361 69,818,322 70,837,350 72,867,332 73,886,358 74,903,321 75,923,324 76,943,325 77,962,330 78,979,342 79,994,266 80,1010,234 81,1026,313 82,1040,349 83,1054,356 84,1068,335 85,1079,351 86,1090,315 87,1102,331 88,1113,340 89,1123,366 90,1132,125 91,1140,319 92,1147,329 93,1153,318 94,1158,71 95,1162,346 96,1165,347 97,1167,173 98,1168,6
