0 1 5
0 2 87
0 3 50
0 4 95
0 5 49
0 6 47
0 7 71
0 8 22
0 9 54
0 10 2
0 11 93
0 12 100
0 13 10
0 14 34
0 16 93
0 17 62
0 19 64
0 20 3
0 21 51
0 22 50
0 25 50
0 26 18
0 27 43
0 28 6
0 29 53
0 30 36
0 31 95
0 32 67
0 33 18
0 34 86
0 35 71
0 36 99
0 38 60
0 39 98
0 40 67
0 43 54
0 44 62
0 46 48
0 47 24
0 48 14
0 50 81
0 51 21
0 52 45
0 53 19
0 54 83
0 55 33
0 56 87
0 59 30
0 61 37
0 62 70
0 63 97
0 64 79
0 65 45
0 66 8
0 67 70
0 68 91
0 71 14
0 72 29
0 75 13
0 76 89
0 77 29
0 78 89
0 79 85
0 82 15
0 85 42
0 87 73
0 93 15
0 95 87
1 2 66
1 3 61
1 4 81
1 7 29
1 8 54
1 9 67
1 10 91
1 11 79
1 13 33
1 14 52
1 16 70
1 17 16
1 18 99
1 19 75
1 20 44
1 25 33
1 26 66
1 27 98
1 30 43
1 31 96
1 32 64
1 33 24
1 34 34
1 35 7
1 38 41
1 40 15
1 41 66
1 43 94
1 44 14
1 45 53
1 46 23
1 50 33
1 51 33
1 52 83
1 54 2
1 55 43
1 56 76
1 58 28
1 59 58
1 60 22
1 61 2
1 62 2
1 63 14
1 66 18
1 67 93
1 68 24
1 70 99
1 75 29
1 76 86
1 81 100
1 84 18
1 88 60
1 91 79
1 92 23
2 3 96
2 4 43
2 5 9
2 7 8
2 8 55
2 9 20
2 10 36
2 11 43
2 13 49
2 14 47
2 15 44
2 17 99
2 19 86
2 20 90
2 22 6
2 23 75
2 25 67
2 26 29
2 27 86
2 30 73
2 31 42
2 32 44
2 34 89
2 38 51
2 41 44
2 43 2
2 44 24
2 48 26
2 50 68
2 51 54
2 53 6
2 56 95
2 58 19
2 63 48
2 65 96
2 67 85
2 71 26
2 72 77
2 75 82
2 76 25
2 79 83
2 81 30
2 84 37
2 85 95
2 87 7
2 89 2
2 90 67
2 93 15
2 98 78
3 4 16
3 5 52
3 7 46
3 8 11
3 10 83
3 11 10
3 13 2
3 14 91
3 16 29
3 17 46
3 18 74
3 19 53
3 20 50
3 21 37
3 25 27
3 26 34
3 27 26
3 28 53
3 29 56
3 30 6
3 31 56
3 32 68
3 33 20
3 34 4
3 35 100
3 38 69
3 39 55
3 41 30
3 44 18
3 46 35
3 47 1
3 50 45
3 51 47
3 52 6
3 53 18
3 54 83
3 55 64
3 56 27
3 57 53
3 59 14
3 62 24
3 63 63
3 64 91
3 65 49
3 66 19
3 69 3
3 72 87
3 75 68
3 76 40
3 77 76
3 78 64
3 79 100
3 81 55
3 85 3
3 86 88
3 87 2
3 90 92
3 92 95
3 94 12
3 96 77
3 97 74
4 5 38
4 6 71
4 7 8
4 10 83
4 13 85
4 14 63
4 16 61
4 20 18
4 22 55
4 23 98
4 25 5
4 26 39
4 31 95
4 36 16
4 38 20
4 39 78
4 42 47
4 44 74
4 48 18
4 50 17
4 51 52
4 53 62
4 55 77
4 56 46
4 57 40
4 65 26
4 71 24
4 75 65
4 76 1
4 77 98
4 82 60
4 84 21
4 95 10
5 6 60
5 7 52
5 11 74
5 13 50
5 14 21
5 16 41
5 18 70
5 19 49
5 20 97
5 22 29
5 25 78
5 26 17
5 28 69
5 31 57
5 34 21
5 38 73
5 44 76
5 50 48
5 51 65
5 55 45
5 56 57
5 57 76
5 58 26
5 62 40
5 63 64
5 66 7
5 68 61
5 70 82
5 72 95
5 75 57
5 88 44
5 92 45
6 10 64
6 14 64
6 15 20
6 28 15
6 31 38
6 33 78
6 51 85
6 54 12
6 62 60
6 64 61
6 68 94
6 76 84
6 78 4
6 79 70
6 87 76
6 94 82
7 8 38
7 9 88
7 10 38
7 11 61
7 12 74
7 13 27
7 14 66
7 15 47
7 16 65
7 17 52
7 18 83
7 19 67
7 20 84
7 22 47
7 23 29
7 24 62
7 25 83
7 26 36
7 27 95
7 28 30
7 29 21
7 30 92
7 31 57
7 33 68
7 34 37
7 35 61
7 36 51
7 38 19
7 39 92
7 44 37
7 45 68
7 47 51
7 49 67
7 50 78
7 51 50
7 52 86
7 53 86
7 55 12
7 56 53
7 57 46
7 59 67
7 60 80
7 61 84
7 62 79
7 63 61
7 65 5
7 66 7
7 67 20
7 68 98
7 69 78
7 70 92
7 71 86
7 72 11
7 75 62
7 76 68
7 77 100
7 79 85
7 82 5
7 83 55
7 84 49
7 87 27
7 88 18
7 89 18
7 90 97
7 96 80
8 10 32
8 13 67
8 14 41
8 17 66
8 19 51
8 20 79
8 22 73
8 24 100
8 25 38
8 27 12
8 28 47
8 29 10
8 31 89
8 34 65
8 38 27
8 39 75
8 41 8
8 42 52
8 50 89
8 51 97
8 54 34
8 58 87
8 59 91
8 62 60
8 63 23
8 65 69
8 68 38
8 75 59
8 76 95
8 77 22
8 85 95
8 98 79
9 10 56
9 20 14
9 31 15
9 38 67
9 41 63
9 44 59
9 50 34
9 54 50
9 58 27
9 59 26
9 60 84
9 72 92
9 77 80
9 78 38
9 79 87
9 82 51
9 87 1
10 12 9
10 13 39
10 14 80
10 15 87
10 16 45
10 18 14
10 20 90
10 22 3
10 26 100
10 28 29
10 29 48
10 30 23
10 31 20
10 38 31
10 39 16
10 40 17
10 48 49
10 50 50
10 51 53
10 52 55
10 53 65
10 54 30
10 55 13
10 57 23
10 61 6
10 62 22
10 65 52
10 66 96
10 67 75
10 72 79
10 75 74
10 78 41
10 79 28
10 82 15
10 85 26
11 16 86
11 26 99
11 27 68
11 31 80
11 35 52
11 38 67
11 53 94
11 56 28
11 58 52
11 65 23
11 76 75
12 14 37
12 25 62
12 50 51
12 51 32
12 52 69
12 64 35
12 87 87
13 14 22
13 15 68
13 18 85
13 20 81
13 22 13
13 25 54
13 26 12
13 27 16
13 28 19
13 31 63
13 33 95
13 38 50
13 41 95
13 44 61
13 46 32
13 50 15
13 51 4
13 52 68
13 53 19
13 54 97
13 55 7
13 57 46
13 58 57
13 59 25
13 60 21
13 61 16
13 62 39
13 63 35
13 64 3
13 65 65
13 66 85
13 68 91
13 71 73
13 73 55
13 75 51
13 76 60
13 79 86
13 80 40
13 82 5
13 85 19
13 88 82
13 89 19
13 90 98
13 94 35
13 96 72
14 15 36
14 16 73
14 17 69
14 19 73
14 20 98
14 21 5
14 25 48
14 27 92
14 28 63
14 33 95
14 34 23
14 38 87
14 41 6
14 42 8
14 44 28
14 47 48
14 50 13
14 51 87
14 53 5
14 55 26
14 56 90
14 57 49
14 59 47
14 62 63
14 64 2
14 65 66
14 68 25
14 72 66
14 75 32
14 76 4
14 78 79
14 79 47
14 81 29
14 82 38
14 83 13
14 85 68
14 89 5
14 95 61
14 98 46
15 17 3
15 19 3
15 25 58
15 26 21
15 27 3
15 28 88
15 30 80
15 33 23
15 36 35
15 54 99
15 56 55
15 63 37
15 85 3
16 19 51
16 22 6
16 25 8
16 33 30
16 38 90
16 39 62
16 44 4
16 48 80
16 50 58
16 53 60
16 55 76
16 56 82
16 58 71
16 62 71
16 63 9
16 65 52
16 66 62
16 68 36
16 71 6
16 72 81
16 75 81
16 78 39
16 79 98
16 85 20
16 89 5
16 95 39
17 19 60
17 20 48
17 25 73
17 26 43
17 31 50
17 36 15
17 38 72
17 39 4
17 41 16
17 42 34
17 50 75
17 51 49
17 56 15
17 58 98
17 59 94
17 62 39
17 65 38
17 66 37
17 67 92
17 77 30
17 88 18
17 92 93
18 20 67
18 22 42
18 25 58
18 27 1
18 38 70
18 52 13
18 65 1
18 85 82
19 20 31
19 24 28
19 25 79
19 26 28
19 27 69
19 30 77
19 31 79
19 32 82
19 33 71
19 38 66
19 44 18
19 50 3
19 51 98
19 53 10
19 54 44
19 56 70
19 62 40
19 63 75
19 64 35
19 65 70
19 78 6
19 89 15
19 90 86
19 94 2
20 22 80
20 25 51
20 26 49
20 28 72
20 32 23
20 34 75
20 35 23
20 38 15
20 39 90
20 41 6
20 44 13
20 50 81
20 51 35
20 53 47
20 56 6
20 57 14
20 58 46
20 67 33
20 75 98
20 78 21
21 22 70
21 40 81
21 59 99
21 75 90
22 25 38
22 28 65
22 31 61
22 42 100
22 43 66
22 50 34
22 55 44
22 58 73
22 65 8
22 68 77
22 75 76
22 89 21
23 27 4
23 28 4
23 31 44
23 32 84
23 50 47
23 51 84
23 58 16
23 63 46
24 26 53
24 38 2
24 42 18
24 44 36
24 50 65
24 70 14
24 72 6
24 85 8
24 87 8
25 26 68
25 27 46
25 28 47
25 30 12
25 31 23
25 33 13
25 34 49
25 37 99
25 38 48
25 39 21
25 40 77
25 41 8
25 42 10
25 44 43
25 47 33
25 48 80
25 50 65
25 51 88
25 52 82
25 53 25
25 56 84
25 57 19
25 58 91
25 68 67
25 69 49
25 70 44
25 72 45
25 75 30
25 76 24
25 77 89
25 78 94
25 81 84
25 82 47
25 87 18
26 31 42
26 38 74
26 43 22
26 44 62
26 50 85
26 51 15
26 53 59
26 55 22
26 56 15
26 58 81
26 59 13
26 62 36
26 64 9
26 65 38
26 66 41
26 75 4
26 76 32
26 81 32
26 95 72
27 31 97
27 32 58
27 35 64
27 38 4
27 39 38
27 40 75
27 41 37
27 44 4
27 50 22
27 51 93
27 52 70
27 55 59
27 56 8
27 58 10
27 60 98
27 62 83
27 63 90
27 64 60
27 65 33
27 68 51
27 69 47
27 72 29
27 75 71
27 78 47
27 79 88
27 81 57
27 82 6
27 83 86
27 88 14
27 90 99
27 92 38
27 96 34
27 97 67
28 29 94
28 32 97
28 33 40
28 35 70
28 38 31
28 40 69
28 50 90
28 51 22
28 56 94
28 57 29
28 59 3
28 62 77
28 63 24
28 64 26
28 68 14
28 75 82
28 81 29
28 85 96
28 91 16
28 94 7
29 41 17
29 44 22
29 50 75
29 51 1
29 52 4
29 53 36
29 56 83
29 67 93
29 75 61
29 79 57
29 81 6
29 82 17
30 38 16
30 41 17
30 42 45
30 44 21
30 51 49
30 52 99
30 53 63
30 56 60
30 75 31
30 97 69
31 32 67
31 33 18
31 34 85
31 38 38
31 39 80
31 42 2
31 50 9
31 51 14
31 53 6
31 55 91
31 56 33
31 57 30
31 59 23
31 62 13
31 64 1
31 65 14
31 66 12
31 74 42
31 75 75
31 81 34
31 82 93
32 38 28
32 39 74
32 50 20
32 51 12
32 52 3
32 56 88
32 67 22
32 68 36
32 70 42
32 72 2
32 75 14
32 82 73
32 87 40
32 89 7
33 35 96
33 44 11
33 49 97
33 51 82
33 55 77
33 75 48
33 89 63
34 39 6
34 50 49
34 51 16
34 52 51
34 53 84
34 58 58
34 62 62
34 65 93
34 68 78
34 77 100
35 41 11
35 56 35
35 62 33
35 75 17
36 39 37
36 44 29
36 50 57
36 59 97
36 75 77
36 85 83
36 87 81
36 90 47
36 92 51
37 42 52
37 58 5
37 65 73
38 39 7
38 41 18
38 44 51
38 50 24
38 51 93
38 52 29
38 53 88
38 54 30
38 55 33
38 58 34
38 62 23
38 67 50
38 68 84
38 75 12
38 76 75
38 77 38
38 82 68
38 84 86
38 88 26
38 93 78
38 94 50
39 41 14
39 44 85
39 51 30
39 54 2
39 81 92
39 85 1
40 71 56
40 72 22
40 81 95
40 84 62
40 87 16
41 50 74
41 51 90
41 53 72
41 54 77
41 55 16
41 56 59
41 67 45
41 69 60
41 73 60
41 75 96
41 89 17
41 92 74
42 51 99
42 62 59
42 68 37
42 77 20
44 50 98
44 53 92
44 56 54
44 62 57
44 75 88
44 76 5
44 77 28
44 80 24
44 82 65
44 87 99
44 90 57
44 95 1
45 50 10
45 51 5
45 53 61
45 55 60
45 58 1
45 64 49
45 75 58
45 83 22
45 89 68
46 73 87
47 50 87
47 51 54
47 64 19
47 67 73
47 75 56
47 79 32
47 82 95
47 87 90
48 69 77
48 71 35
48 82 31
48 96 19
50 51 65
50 52 73
50 55 23
50 56 7
50 58 87
50 62 23
50 63 74
50 64 4
50 65 97
50 68 37
50 69 79
50 70 41
50 71 67
50 72 28
50 75 86
50 76 45
50 79 1
50 82 93
50 87 78
50 89 10
50 91 40
50 93 35
50 96 65
50 99 88
51 52 60
51 53 80
51 54 22
51 55 40
51 56 97
51 58 79
51 59 54
51 60 3
51 62 97
51 63 89
51 65 33
51 66 15
51 67 30
51 68 77
51 69 42
51 72 88
51 73 40
51 75 51
51 81 29
51 84 89
51 85 34
51 87 84
51 88 57
51 89 44
51 92 69
51 94 52
52 62 38
52 63 43
52 64 31
52 70 52
53 56 13
53 57 13
53 62 80
53 63 13
53 65 59
53 69 53
53 72 95
53 75 61
53 77 4
53 81 79
53 88 90
53 89 38
53 90 14
53 92 83
53 96 87
54 60 96
54 62 91
54 75 17
54 81 77
54 89 71
54 94 4
55 56 92
55 57 24
55 58 77
55 62 55
55 77 61
55 78 72
55 81 89
55 82 92
55 90 3
55 93 42
55 98 97
56 57 71
56 59 32
56 62 42
56 63 93
56 64 53
56 65 35
56 68 22
56 72 28
56 73 19
56 75 8
56 78 83
56 87 14
56 98 26
57 65 55
57 73 76
57 85 74
58 60 98
58 63 19
58 65 27
58 78 56
58 82 75
58 83 15
58 87 3
58 89 87
58 90 75
59 65 18
59 66 27
59 75 65
59 92 65
60 62 31
60 64 34
60 66 48
60 72 96
60 77 36
60 78 34
60 79 21
60 81 4
60 91 93
61 65 99
61 75 50
62 65 47
62 68 46
62 70 65
62 75 36
62 76 57
62 78 23
62 81 7
62 87 54
62 89 43
62 90 42
63 72 76
63 75 42
63 84 56
63 85 18
64 68 56
64 72 76
64 76 58
64 79 14
64 84 24
65 71 91
65 77 91
65 79 62
65 85 92
65 93 81
66 76 3
66 77 80
67 75 93
67 76 81
67 85 7
67 90 92
68 69 41
68 79 70
68 87 94
69 81 37
72 75 94
72 85 57
73 75 39
73 96 90
75 76 29
75 77 94
75 78 22
75 79 65
75 82 48
75 88 43
75 90 86
76 89 26
76 93 44
77 81 21
77 89 1
79 88 23
83 85 57
83 99 62
87 89 98
89 96 11
93 96 14
