5
87
50
95
49
47
71
22
54
2
93
100
10
34
93
62
64
3
51
50
50
18
43
6
53
36
95
67
18
86
71
99
60
98
67
54
62
48
24
14
81
21
45
19
83
33
87
30
37
70
97
79
45
8
70
91
14
29
13
89
29
89
85
15
42
73
15
87
66
61
81
29
54
67
91
79
33
52
70
16
99
75
44
33
66
98
43
96
64
24
34
7
41
15
66
94
14
53
23
33
33
83
2
43
76
28
58
22
2
2
14
18
93
24
99
29
86
100
18
60
79
23
96
43
9
8
55
20
36
43
49
47
44
99
86
90
6
75
67
29
86
73
42
44
89
51
44
2
24
26
68
54
6
95
19
48
96
85
26
77
82
25
83
30
37
95
7
2
67
15
78
16
52
46
11
83
10
2
91
29
46
74
53
50
37
27
34
26
53
56
6
56
68
20
4
100
69
55
30
18
35
1
45
47
6
18
83
64
27
53
14
24
63
91
49
19
3
87
68
40
76
64
100
55
3
88
2
92
95
12
77
74
38
71
8
83
85
63
61
18
55
98
5
39
95
16
20
78
47
74
18
17
52
62
77
46
40
26
24
65
1
98
60
21
10
60
52
74
50
21
41
70
49
97
29
78
17
69
57
21
73
76
48
65
45
57
76
26
40
64
7
61
82
95
57
44
45
64
64
20
15
38
78
85
12
60
61
94
84
4
70
76
82
38
88
38
61
74
27
66
47
65
52
83
67
84
47
29
62
83
36
95
30
21
92
57
68
37
61
51
19
92
37
68
51
67
78
50
86
86
12
53
46
67
80
84
79
61
5
7
20
98
78
92
86
11
62
68
100
85
5
55
49
27
18
18
97
80
32
67
41
66
51
79
73
100
38
12
47
10
89
65
27
75
8
52
89
97
34
87
91
60
23
69
38
59
95
22
95
79
56
14
15
67
63
59
34
50
27
26
84
92
80
38
87
51
1
9
39
80
87
45
14
90
3
100
29
48
23
20
31
16
17
49
50
53
55
65
30
13
23
6
22
52
96
75
79
74
41
28
15
26
86
99
68
80
52
67
94
28
52
23
75
37
62
51
32
69
35
87
22
68
85
81
13
54
12
16
19
63
95
50
95
61
32
15
4
68
19
97
7
46
57
25
21
16
39
35
3
65
85
91
73
55
51
60
86
40
5
19
82
19
98
35
72
36
73
69
73
98
5
48
92
63
95
23
87
6
8
28
48
13
87
5
26
90
49
47
63
2
66
25
66
32
4
79
47
29
38
13
68
5
61
46
3
3
58
21
3
88
80
23
35
99
55
37
3
51
6
8
30
90
62
4
80
58
60
76
82
71
71
9
52
62
36
6
81
81
39
98
20
5
39
60
48
73
43
50
15
72
4
16
34
75
49
15
98
94
39
38
37
92
30
18
93
67
42
58
1
70
13
1
82
31
28
79
28
69
77
79
82
71
66
18
3
98
10
44
70
40
75
35
70
6
15
86
2
80
51
49
72
23
75
23
15
90
6
13
81
35
47
6
14
46
33
98
21
70
81
99
90
38
65
61
100
66
34
44
73
8
77
76
21
4
4
44
84
47
84
16
46
53
2
18
36
65
14
6
8
8
68
46
47
12
23
13
49
99
48
21
77
8
10
43
33
80
65
88
82
25
84
19
91
67
49
44
45
30
24
89
94
84
47
18
42
74
22
62
85
15
59
22
15
81
13
36
9
38
41
4
32
32
72
97
58
64
4
38
75
37
4
22
93
70
59
8
10
98
83
90
60
33
51
47
29
71
47
88
57
6
86
14
99
38
34
67
94
97
40
70
31
69
90
22
94
29
3
77
24
26
14
82
29
96
16
7
17
22
75
1
4
36
83
93
61
57
6
17
16
17
45
21
49
99
63
60
31
69
67
18
85
38
80
2
9
14
6
91
33
30
23
13
1
14
12
42
75
34
93
28
74
20
12
3
88
22
36
42
2
14
73
40
7
96
11
97
82
77
48
63
6
49
16
51
84
58
62
93
78
100
11
35
33
17
37
29
57
97
77
83
81
47
51
52
5
73
7
18
51
24
93
29
88
30
33
34
23
50
84
12
75
38
68
86
26
78
50
14
85
30
2
92
1
56
22
95
62
16
74
90
72
77
16
59
45
60
60
96
17
74
99
59
37
20
98
92
54
57
88
5
28
24
65
99
57
1
10
5
61
60
1
49
58
22
68
87
87
54
19
73
56
32
95
90
77
35
31
19
65
73
23
7
87
23
74
4
97
37
79
41
67
28
86
45
1
93
78
10
40
35
65
88
60
80
22
40
97
79
54
3
97
89
33
15
30
77
42
88
40
51
29
89
34
84
57
44
69
52
38
43
31
52
13
13
80
13
59
53
95
61
4
79
90
38
14
83
87
96
91
17
77
71
4
92
24
77
55
61
72
89
92
3
42
97
71
32
42
93
53
35
22
28
19
8
83
14
26
55
76
74
98
19
27
56
75
15
3
87
75
18
27
65
65
31
34
48
96
36
34
21
4
93
99
50
47
46
65
36
57
23
7
54
43
42
76
42
56
18
56
76
58
14
24
91
91
62
92
81
3
80
93
81
7
92
41
70
94
37
94
57
39
90
29
94
22
65
48
43
86
26
44
21
1
23
57
62
98
11
14
